1	1	1	1	0	0	0	0	0	0	0	0	0	0	0	0	0	0	0	0	0	0	0	0	0	0	0	1	0	1	0	0	0	0	0	0	0	0	0	0	0	0	1
2.59	1	1	1	0	0	0	0	0	0	0	0	0	0	0	0	0	0	0	0	0	0	0	0	0	0	0	0	0	1	0	0	0	0	0	0	1	0	1	0	0	0	1
2.73	1	1	1	0	0	0	0	0	0	0	0	0	0	0	0	0	0	0	0	0	0	0	0	0	0	0	0	0	1	0	0	0	0	0	0	1	0	1	0	0	0	1
2.39	1	1	0	0	1	1	0	1	0	0	0	0	0	0	0	0	0	0	0	0	1	0	0	0	1	0	1	1	0	1	0	1	1	0	0	0	0	0	0	0	0	1
3	1	0	1	0	0	1	0	0	0	0	0	0	0	0	0	0	0	0	0	0	0	0	0	0	0	0	0	1	1	0	0	0	0	0	0	0	0	0	0	0	0	0
4.03	1	0	1	0	0	0	0	0	0	0	0	0	0	0	0	0	0	0	0	0	0	0	0	0	0	0	0	0	1	0	0	0	0	0	0	1	0	0	0	0	0	1
3.66	1	0	0	0	1	1	1	1	0	0	0	0	0	0	0	0	0	0	0	0	0	0	0	0	1	0	1	1	0	0	0	1	1	0	0	0	0	0	0	0	0	1
4.29	0	0	1	0	0	0	0	0	0	0	0	0	0	0	0	0	0	0	0	0	0	0	0	0	0	0	0	1	1	0	0	1	1	0	1	0	0	0	0	0	0	1
4.23	0	0	1	0	0	0	0	0	0	0	0	0	0	0	0	0	0	0	0	0	0	0	0	0	0	0	0	1	1	0	0	1	1	0	1	0	0	0	0	0	0	1
3.31	1	0	0	1	1	1	1	0	0	0	1	0	0	0	0	0	0	1	0	0	0	0	0	0	0	0	1	1	0	0	0	1	1	0	0	0	0	0	0	0	0	1
1	1	1	1	0	0	0	0	0	0	0	0	0	0	0	0	0	0	0	0	0	0	0	0	0	0	0	1	0	1	0	0	0	0	0	0	0	0	0	0	0	0	1
2.39	0	1	1	1	1	0	0	0	0	0	0	0	0	0	0	0	0	0	0	0	0	0	0	0	0	0	0	1	1	0	0	0	0	0	0	0	1	0	0	0	1	0
2.02	1	1	0	0	1	1	0	1	0	0	0	0	0	0	0	0	0	0	0	0	1	0	0	0	1	0	1	1	0	1	0	1	1	0	0	0	0	0	0	0	0	1
3.84	0	1	1	1	1	0	0	0	0	0	0	0	0	0	0	0	0	0	0	0	0	0	0	0	0	0	0	1	1	0	0	0	0	0	0	0	1	0	0	0	1	0
2.58	1	0	1	0	0	1	0	0	0	0	0	0	0	0	0	0	0	0	0	0	0	0	0	0	0	0	0	1	1	0	0	0	0	0	0	0	0	0	0	0	0	0
3.37	1	0	1	0	0	0	0	0	0	0	0	0	0	0	0	0	0	0	0	0	0	0	0	0	0	0	0	0	1	0	0	0	0	0	0	1	0	0	0	0	0	1
2.69	1	0	0	0	1	1	1	1	0	0	0	0	0	0	0	0	0	0	0	0	0	0	0	0	1	0	1	1	0	0	0	1	1	0	0	0	0	0	0	0	0	1
2.42	0	0	0	0	1	1	1	0	0	1	1	0	0	0	1	1	0	0	0	0	0	0	0	0	0	0	1	1	0	0	0	1	1	0	1	0	0	0	0	0	0	1
2.46	0	0	0	0	1	1	1	0	0	1	1	0	0	0	1	1	0	0	0	0	0	0	0	0	0	0	1	1	0	0	0	1	1	0	1	0	0	0	0	0	0	1
3.64	0	0	0	0	1	1	1	0	0	1	1	0	0	0	1	1	0	0	0	0	0	0	0	0	0	0	1	1	0	0	0	1	1	0	1	0	0	0	0	0	0	1
3.64	1	1	1	0	0	0	0	0	0	0	0	0	0	0	0	0	0	0	0	0	0	0	0	0	0	0	0	0	1	0	0	0	0	0	0	1	0	1	0	0	0	1
3.27	1	0	0	0	1	1	1	1	0	0	0	0	0	0	0	0	0	0	0	0	0	0	0	0	1	0	1	1	0	0	0	1	1	0	0	0	0	0	0	0	0	1
1.82	1	0	0	0	1	1	1	1	0	0	0	0	0	0	0	0	0	0	0	0	0	0	0	0	1	0	1	1	0	0	0	1	1	0	0	0	0	0	0	0	0	1
2.57	0	1	0	1	1	1	0	0	1	1	0	0	0	1	0	0	0	0	0	0	0	0	0	0	1	0	1	1	0	0	0	1	1	0	0	0	0	0	0	0	0	1
2.61	0	1	0	1	1	1	0	0	1	1	0	0	0	1	0	0	0	0	0	0	0	0	0	0	1	0	1	1	0	0	0	1	1	0	0	0	0	0	0	0	0	1
2.84	0	1	0	1	1	1	0	0	1	1	0	0	0	1	0	0	0	0	0	0	0	0	0	0	1	0	1	1	0	0	0	1	1	0	0	0	0	0	0	0	0	1
3	1	0	0	0	1	1	1	1	0	0	0	0	0	0	0	0	0	0	0	0	0	0	0	0	1	0	1	1	0	0	0	1	1	0	0	0	0	0	0	0	0	1
4.42	1	1	0	0	1	1	0	1	0	0	0	0	0	0	0	0	0	0	0	0	1	0	0	0	1	0	1	1	0	1	0	1	1	0	0	0	0	0	0	0	0	1
2.76	1	0	0	0	1	1	1	1	0	0	0	0	0	0	0	0	0	0	0	0	0	0	0	0	1	0	1	1	0	0	0	1	1	0	0	0	0	0	0	0	0	1
3.77	1	1	0	0	1	1	0	1	0	0	0	0	0	0	0	0	0	0	0	0	1	0	0	0	1	0	1	1	0	1	0	1	1	0	0	0	0	0	0	0	0	1
3.37	1	1	0	0	1	1	0	1	0	0	0	0	0	0	0	0	0	0	0	0	1	0	0	0	1	0	1	1	0	1	0	1	1	0	0	0	0	0	0	0	0	1
3.4	0	1	0	0	0	0	0	0	0	0	1	1	1	1	1	0	0	0	0	0	0	0	0	0	0	0	0	1	0	0	0	0	0	0	0	0	0	0	0	0	0	1
4.58	0	0	0	0	1	1	1	0	0	1	1	0	0	0	1	1	0	0	0	0	0	0	0	0	0	0	1	1	0	0	0	1	1	0	1	0	0	0	0	0	0	1
2.81	1	1	0	0	1	1	0	1	0	0	0	0	0	0	0	0	0	0	0	0	1	0	0	0	1	0	1	1	0	1	0	1	1	0	0	0	0	0	0	0	0	1
3.35	0	1	0	0	0	0	0	0	0	0	1	1	1	1	1	0	0	0	0	0	0	0	0	0	0	0	0	1	0	0	0	0	0	0	0	0	0	0	0	0	0	1
3.13	0	0	0	0	1	1	1	0	0	1	1	0	0	0	1	1	0	0	0	0	0	0	0	0	0	0	1	1	0	0	0	1	1	0	1	0	0	0	0	0	0	1
4.61	0	0	0	0	1	1	1	0	0	1	1	0	0	0	1	1	0	0	0	0	0	0	0	0	0	0	1	1	0	0	0	1	1	0	1	0	0	0	0	0	0	1
1.81	1	0	1	0	0	1	0	0	0	0	0	0	0	0	0	0	0	0	0	0	0	0	0	0	0	0	0	1	1	0	0	0	0	0	0	0	0	0	0	0	0	0
2.9	1	0	0	0	1	1	1	1	0	0	0	0	0	0	0	0	0	0	0	0	0	0	0	0	1	0	1	1	0	0	0	1	1	0	0	0	0	0	0	0	0	1
4.47	0	0	0	0	1	1	1	0	0	1	1	0	0	0	1	1	0	0	0	0	0	0	0	0	0	0	1	1	0	0	0	1	1	0	1	0	0	0	0	0	0	1
3.28	1	1	0	0	1	1	0	1	0	0	0	0	0	0	0	0	0	0	0	0	1	0	0	0	1	0	1	1	0	1	0	1	1	0	0	0	0	0	0	0	0	1
3.47	0	0	0	0	1	1	1	0	0	1	1	0	0	0	1	1	0	0	0	0	0	0	0	0	0	0	1	1	0	0	0	1	1	0	1	0	0	0	0	0	0	1
4.25	0	0	0	0	1	1	1	0	0	1	1	0	0	0	1	1	0	0	0	0	0	0	0	0	0	0	1	1	0	0	0	1	1	0	1	0	0	0	0	0	0	1
3.81	0	0	1	0	0	0	0	0	0	0	0	0	0	0	0	0	0	0	0	0	0	0	0	0	0	0	0	1	1	0	0	1	1	0	1	0	0	0	0	0	0	1
2.82	0	1	0	1	1	1	0	0	1	1	0	0	0	1	0	0	0	0	0	0	0	0	0	0	1	0	1	1	0	0	0	1	1	0	0	0	0	0	0	0	0	1
3.71	1	0	0	1	1	1	1	0	0	0	1	0	0	0	0	0	0	1	0	0	0	0	0	0	0	0	1	1	0	0	0	1	1	0	0	0	0	0	0	0	0	1
3.87	0	0	1	0	0	0	0	0	0	0	0	0	0	0	0	0	0	0	0	0	0	0	0	0	0	0	0	1	1	0	0	1	1	0	1	0	0	0	0	0	0	1
4.69	0	1	0	0	0	0	0	0	0	0	1	1	1	1	1	0	0	0	0	0	0	0	0	0	0	0	0	1	0	0	0	0	0	0	0	0	0	0	0	0	0	1
4.46	0	0	0	0	1	1	1	0	0	1	1	0	0	0	1	1	0	0	0	0	0	0	0	0	0	0	1	1	0	0	0	1	1	0	1	0	0	0	0	0	0	1
4.32	0	1	0	0	0	0	0	0	0	0	1	1	1	1	1	0	0	0	0	0	0	0	0	0	0	0	0	1	0	0	0	0	0	0	0	0	0	0	0	0	0	1
3.59	0	0	0	0	1	1	1	0	0	1	1	0	0	0	1	1	0	0	0	0	0	0	0	0	0	0	1	1	0	0	0	1	1	0	1	0	0	0	0	0	0	1
3.69	0	0	0	0	1	1	1	0	0	1	1	0	0	0	1	1	0	0	0	0	0	0	0	0	0	0	1	1	0	0	0	1	1	0	1	0	0	0	0	0	0	1
2.54	0	0	0	0	1	1	1	0	0	1	1	0	0	0	1	1	0	0	0	0	0	0	0	0	0	0	1	1	0	0	0	1	1	0	1	0	0	0	0	0	0	1
3.07	0	0	0	0	1	1	1	0	0	1	1	0	0	0	1	1	0	0	0	0	0	0	0	0	0	0	1	1	0	0	0	1	1	0	1	0	0	0	0	0	0	1
2.65	0	1	0	0	0	0	0	0	0	0	1	1	1	1	1	0	0	0	0	0	0	0	0	0	0	0	0	1	0	0	0	0	0	0	0	0	0	0	0	0	0	1
2.63	1	0	0	1	1	1	1	0	0	0	1	0	0	0	0	0	0	1	0	0	0	0	0	0	0	0	1	1	0	0	0	1	1	0	0	0	0	0	0	0	0	1
3.67	0	0	0	0	1	1	1	0	0	1	1	0	0	0	1	1	0	0	0	0	0	0	0	0	0	0	1	1	0	0	0	1	1	0	1	0	0	0	0	0	0	1
3.7	0	0	0	0	1	1	1	0	0	1	1	0	0	0	1	1	0	0	0	0	0	0	0	0	0	0	1	1	0	0	0	1	1	0	1	0	0	0	0	0	0	1
3.46	0	0	0	0	1	1	1	0	0	1	1	0	0	0	1	1	0	0	0	0	0	0	0	0	0	0	1	1	0	0	0	1	1	0	1	0	0	0	0	0	0	1
2.61	0	0	0	0	1	1	1	0	0	1	1	0	0	0	1	1	0	0	0	0	0	0	0	0	0	0	1	1	0	0	0	1	1	0	1	0	0	0	0	0	0	1
2.96	0	0	0	0	1	1	1	0	0	1	1	0	0	0	1	1	0	0	0	0	0	0	0	0	0	0	1	1	0	0	0	1	1	0	1	0	0	0	0	0	0	1
3.76	0	0	0	0	1	1	1	0	0	1	1	0	0	0	1	1	0	0	0	0	0	0	0	0	0	0	1	1	0	0	0	1	1	0	1	0	0	0	0	0	0	1
2.48	0	0	0	0	1	1	1	0	0	1	1	0	0	0	1	1	0	0	0	0	0	0	0	0	0	0	1	1	0	0	0	1	1	0	1	0	0	0	0	0	0	1
1	1	1	1	0	0	0	0	0	0	0	0	0	0	0	0	0	0	0	0	0	0	0	0	0	0	0	1	0	1	0	0	0	0	0	0	0	0	0	0	0	0	1
1.01	1	1	0	0	0	1	0	0	0	0	0	0	0	0	0	0	0	1	0	0	0	0	0	0	0	0	1	0	0	1	0	0	0	0	0	0	1	0	0	0	1	0
1.22	1	1	0	0	0	1	0	0	0	0	0	0	0	0	0	0	0	1	0	0	0	0	0	0	0	0	1	0	0	1	0	0	0	0	0	0	1	0	0	0	1	0
1.69	1	1	0	0	0	1	0	0	0	0	0	0	0	0	0	0	0	1	0	0	0	0	0	0	0	0	1	0	0	1	0	0	0	0	0	0	1	0	0	0	1	0
2	1	0	1	0	0	1	0	0	0	0	0	0	0	0	0	0	0	0	0	0	0	0	0	0	0	0	0	1	1	0	0	0	0	0	0	0	0	0	0	0	0	0
1.99	1	0	1	0	0	1	0	0	0	0	0	0	0	0	0	0	0	0	0	0	0	0	0	0	0	0	0	1	1	0	0	0	0	0	0	0	0	0	0	0	0	0
1.86	1	0	1	0	0	1	0	0	0	0	0	0	0	0	0	0	0	0	0	0	0	0	0	0	0	0	0	1	1	0	0	0	0	0	0	0	0	0	0	0	0	0
2.18	1	0	0	0	1	1	1	1	0	0	0	0	0	0	0	0	0	0	0	0	0	0	0	0	1	0	1	1	0	0	0	1	1	0	0	0	0	0	0	0	0	1
2.34	0	1	0	1	1	1	0	0	1	1	0	0	0	1	0	0	0	0	0	0	0	0	0	0	1	0	1	1	0	0	0	1	1	0	0	0	0	0	0	0	0	1
2.43	1	0	0	0	1	1	1	1	0	0	0	0	0	0	0	0	0	0	0	0	0	0	0	0	1	0	1	1	0	0	0	1	1	0	0	0	0	0	0	0	0	1
2.51	1	0	0	0	1	1	1	1	0	0	0	0	0	0	0	0	0	0	0	0	0	0	0	0	1	0	1	1	0	0	0	1	1	0	0	0	0	0	0	0	0	1
3.17	1	1	0	0	1	1	0	1	0	0	0	0	0	0	0	0	0	0	0	0	1	0	0	0	1	0	1	1	0	1	0	1	1	0	0	0	0	0	0	0	0	1
2.83	1	1	0	0	1	1	0	1	0	0	0	0	0	0	0	0	0	0	0	0	1	0	0	0	1	0	1	1	0	1	0	1	1	0	0	0	0	0	0	0	0	1
2.68	1	1	0	0	1	1	0	1	0	0	0	0	0	0	0	0	0	0	0	0	1	0	0	0	1	0	1	1	0	1	0	1	1	0	0	0	0	0	0	0	0	1
1.85	0	0	0	0	1	1	1	0	0	1	1	0	0	0	1	1	0	0	0	0	0	0	0	0	0	0	1	1	0	0	0	1	1	0	1	0	0	0	0	0	0	1
2.41	0	0	0	0	1	1	1	0	0	1	1	0	0	0	1	1	0	0	0	0	0	0	0	0	0	0	1	1	0	0	0	1	1	0	1	0	0	0	0	0	0	1
2.48	1	1	0	0	1	1	0	1	0	0	0	0	0	0	0	0	0	0	0	0	1	0	0	0	1	0	1	1	0	1	0	1	1	0	0	0	0	0	0	0	0	1
2.52	0	0	0	0	1	1	1	0	0	1	1	0	0	0	1	1	0	0	0	0	0	0	0	0	0	0	1	1	0	0	0	1	1	0	1	0	0	0	0	0	0	1
2.65	0	0	0	0	1	1	1	0	0	1	1	0	0	0	1	1	0	0	0	0	0	0	0	0	0	0	1	1	0	0	0	1	1	0	1	0	0	0	0	0	0	1
2.72	1	0	1	0	0	1	0	0	0	0	0	0	0	0	0	0	0	0	0	0	0	0	0	0	0	0	0	1	1	0	0	0	0	0	0	0	0	0	0	0	0	0
3.08	0	1	0	0	0	0	0	0	0	0	1	1	1	1	1	0	0	0	0	0	0	0	0	0	0	0	0	1	0	0	0	0	0	0	0	0	0	0	0	0	0	1
2.93	0	1	0	1	1	1	0	0	1	1	0	0	0	1	0	0	0	0	0	0	0	0	0	0	1	0	1	1	0	0	0	1	1	0	0	0	0	0	0	0	0	1
2.51	1	0	0	0	1	1	1	1	0	0	0	0	0	0	0	0	0	0	0	0	0	0	0	0	1	0	1	1	0	0	0	1	1	0	0	0	0	0	0	0	0	1
3.02	0	1	0	0	0	0	0	0	0	0	1	1	1	1	1	0	0	0	0	0	0	0	0	0	0	0	0	1	0	0	0	0	0	0	0	0	0	0	0	0	0	1
2.91	0	0	0	0	1	1	1	0	0	1	1	0	0	0	1	1	0	0	0	0	0	0	0	0	0	0	1	1	0	0	0	1	1	0	1	0	0	0	0	0	0	1
3.03	0	0	1	0	0	0	0	0	0	0	0	0	0	0	0	0	0	0	0	0	0	0	0	0	0	0	0	1	1	0	0	1	1	0	1	0	0	0	0	0	0	1
3.05	0	1	0	0	0	0	0	0	0	0	1	1	1	1	1	0	0	0	0	0	0	0	0	0	0	0	0	1	0	0	0	0	0	0	0	0	0	0	0	0	0	1
2.91	0	1	0	0	0	0	0	0	0	0	1	1	1	1	1	0	0	0	0	0	0	0	0	0	0	0	0	1	0	0	0	0	0	0	0	0	0	0	0	0	0	1
3.11	0	0	0	0	1	1	1	0	0	1	1	0	0	0	1	1	0	0	0	0	0	0	0	0	0	0	1	1	0	0	0	1	1	0	1	0	0	0	0	0	0	1
2.93	0	1	0	0	0	0	0	0	0	0	1	1	1	1	1	0	0	0	0	0	0	0	0	0	0	0	0	1	0	0	0	0	0	0	0	0	0	0	0	0	0	1
3.21	0	0	0	0	1	1	1	0	0	1	1	0	0	0	1	1	0	0	0	0	0	0	0	0	0	0	1	1	0	0	0	1	1	0	1	0	0	0	0	0	0	1
3.27	0	0	0	0	1	1	1	0	0	1	1	0	0	0	1	1	0	0	0	0	0	0	0	0	0	0	1	1	0	0	0	1	1	0	1	0	0	0	0	0	0	1
3.3	0	0	0	0	1	1	1	0	0	1	1	0	0	0	1	1	0	0	0	0	0	0	0	0	0	0	1	1	0	0	0	1	1	0	1	0	0	0	0	0	0	1
3.03	1	0	0	1	1	1	1	0	0	0	1	0	0	0	0	0	0	1	0	0	0	0	0	0	0	0	1	1	0	0	0	1	1	0	0	0	0	0	0	0	0	1
2.89	1	0	0	1	1	1	1	0	0	0	1	0	0	0	0	0	0	1	0	0	0	0	0	0	0	0	1	1	0	0	0	1	1	0	0	0	0	0	0	0	0	1
3.35	0	0	0	0	1	1	1	0	0	1	1	0	0	0	1	1	0	0	0	0	0	0	0	0	0	0	1	1	0	0	0	1	1	0	1	0	0	0	0	0	0	1
3.36	0	1	0	1	1	1	0	0	1	1	0	0	0	1	0	0	0	0	0	0	0	0	0	0	1	0	1	1	0	0	0	1	1	0	0	0	0	0	0	0	0	1
1.21	1	1	0	0	0	1	0	0	0	0	0	0	0	0	0	0	0	1	0	0	0	0	0	0	0	0	1	0	0	1	0	0	0	0	0	0	1	0	0	0	1	0
1.24	1	1	0	0	0	1	0	0	0	0	0	0	0	0	0	0	0	1	0	0	0	0	0	0	0	0	1	0	0	1	0	0	0	0	0	0	1	0	0	0	1	0
0.71	1	0	1	0	0	1	0	0	0	0	0	0	0	0	0	0	0	0	0	0	0	0	0	0	0	0	0	1	1	0	0	0	0	0	0	0	0	0	0	0	0	0
2.58	1	0	0	0	1	1	1	1	0	0	0	0	0	0	0	0	0	0	0	0	0	0	0	0	1	0	1	1	0	0	0	1	1	0	0	0	0	0	0	0	0	1
2.88	1	0	0	1	1	1	1	0	0	0	1	0	0	0	0	0	0	1	0	0	0	0	0	0	0	0	1	1	0	0	0	1	1	0	0	0	0	0	0	0	0	1
3.09	0	1	0	1	1	1	0	0	1	1	0	0	0	1	0	0	0	0	0	0	0	0	0	0	1	0	1	1	0	0	0	1	1	0	0	0	0	0	0	0	0	1
3.09	0	0	0	0	1	1	1	0	0	1	1	0	0	0	1	1	0	0	0	0	0	0	0	0	0	0	1	1	0	0	0	1	1	0	1	0	0	0	0	0	0	1
3.43	0	1	0	1	1	1	0	0	1	1	0	0	0	1	0	0	0	0	0	0	0	0	0	0	1	0	1	1	0	0	0	1	1	0	0	0	0	0	0	0	0	1